# MesswertTabelle
#
# M e s s w e r t t a b e l l e  der Reihen:
#
# sensor_msgs/CompressedImage_/pressure_raw_0 (q=-5.0) [311,311] Werte
# sensor_msgs/CompressedImage_/pressure_raw_0 (q=-4.0) [311,311] Werte
# sensor_msgs/CompressedImage_/pressure_raw_0 (q=-3.0) [311,311] Werte
# sensor_msgs/CompressedImage_/pressure_raw_0 (q=-2.0) [311,311] Werte
# sensor_msgs/CompressedImage_/pressure_raw_0 (q=-1.0) [311,311] Werte
# sensor_msgs/CompressedImage_/pressure_raw_0 (q=1.0) [311,311] Werte
# sensor_msgs/CompressedImage_/pressure_raw_0 (q=2.0) [311,311] Werte
# sensor_msgs/CompressedImage_/pressure_raw_0 (q=3.0) [311,311] Werte
# sensor_msgs/CompressedImage_/pressure_raw_0 (q=4.0) [311,311] Werte
# sensor_msgs/CompressedImage_/pressure_raw_0 (q=5.0) [311,311] Werte
#
#
#s	F(s)	s	F(s)	s	F(s)	s	F(s)	s	F(s)	s	F(s)	s	F(s)	s	F(s)	s	F(s)	s	F(s)	
0.60206	2.35533	0.60206	2.56418	0.60206	2.90627	0.60206	3.55858	0.60206	5.07850	0.60206	6.19918	0.60206	6.27463	0.60206	6.32694	0.60206	6.36348	0.60206	6.38971	
0.69897	2.32571	0.69897	2.53647	0.69897	2.88001	0.69897	3.53409	0.69897	5.06707	0.69897	6.19917	0.69897	6.27462	0.69897	6.32694	0.69897	6.36348	0.69897	6.38971	
0.77815	2.57319	0.77815	2.77399	0.77815	3.10118	0.77815	3.71822	0.77815	5.13343	0.77815	6.19918	0.77815	6.27463	0.77815	6.32694	0.77815	6.36348	0.77815	6.38971	
0.84510	2.61675	0.84510	2.81425	0.84510	3.13746	0.84510	3.74835	0.84510	5.14583	0.84510	6.19919	0.84510	6.27463	0.84510	6.32694	0.84510	6.36348	0.84510	6.38972	
0.90309	2.52703	0.90309	2.73108	0.90309	3.06245	0.90309	3.68617	0.90309	5.12027	0.90309	6.19918	0.90309	6.27463	0.90309	6.32694	0.90309	6.36348	0.90309	6.38971	
0.95424	2.81067	0.95424	3.00112	0.95424	3.30880	0.95424	3.88144	0.95424	5.18832	0.95424	6.19919	0.95424	6.27463	0.95424	6.32694	0.95424	6.36348	0.95424	6.38972	
1.00000	2.78509	1.00000	2.97568	1.00000	3.28481	1.00000	3.86236	1.00000	5.18165	1.00000	6.19919	1.00000	6.27463	1.00000	6.32694	1.00000	6.36348	1.00000	6.38972	
1.04139	2.94981	1.04139	3.13149	1.04139	3.42478	1.04139	3.96953	1.04139	5.21916	1.04139	6.19920	1.04139	6.27464	1.04139	6.32695	1.04139	6.36349	1.04139	6.38972	
1.07918	2.95771	1.07918	3.13901	1.07918	3.43201	1.07918	3.97585	1.07918	5.22178	1.07918	6.19920	1.07918	6.27464	1.07918	6.32695	1.07918	6.36349	1.07918	6.38972	
1.11394	2.57883	1.11394	2.77836	1.11394	3.10524	1.11394	3.72264	1.11394	5.13339	1.11394	6.19917	1.11394	6.27462	1.11394	6.32694	1.11394	6.36348	1.11394	6.38971	
1.14613	2.95681	1.14613	3.14173	1.14613	3.43925	1.14613	3.98752	1.14613	5.23019	1.14613	6.19921	1.14613	6.27464	1.14613	6.32695	1.14613	6.36349	1.14613	6.38972	
1.17609	2.69090	1.17609	2.88110	1.17609	3.19116	1.17609	3.77848	1.17609	5.14654	1.17609	6.19917	1.17609	6.27462	1.17609	6.32694	1.17609	6.36348	1.17609	6.38971	
1.20412	2.95315	1.20412	3.13458	1.20412	3.42861	1.20412	3.97540	1.20412	5.22399	1.20412	6.19920	1.20412	6.27464	1.20412	6.32695	1.20412	6.36349	1.20412	6.38972	
1.23045	2.70901	1.23045	2.90157	1.23045	3.21576	1.23045	3.80624	1.23045	5.15916	1.23045	6.19917	1.23045	6.27462	1.23045	6.32694	1.23045	6.36348	1.23045	6.38971	
1.25527	2.98205	1.25527	3.16900	1.25527	3.46954	1.25527	4.01935	1.25527	5.24810	1.25527	6.19922	1.25527	6.27465	1.25527	6.32695	1.25527	6.36349	1.25527	6.38972	
1.27875	2.95077	1.27875	3.12713	1.27875	3.41543	1.27875	3.95813	1.27875	5.21399	1.27875	6.19919	1.27875	6.27463	1.27875	6.32694	1.27875	6.36348	1.27875	6.38972	
1.30103	3.00395	1.30103	3.18553	1.30103	3.47586	1.30103	4.00892	1.30103	5.23051	1.30103	6.19919	1.30103	6.27463	1.30103	6.32694	1.30103	6.36348	1.30103	6.38972	
1.32222	3.17716	1.32222	3.34792	1.32222	3.62083	1.32222	4.12260	1.32222	5.27971	1.32222	6.19923	1.32222	6.27465	1.32222	6.32696	1.32222	6.36349	1.32222	6.38972	
1.34242	3.02872	1.34242	3.20349	1.34242	3.48724	1.34242	4.01690	1.34242	5.23765	1.34242	6.19920	1.34242	6.27464	1.34242	6.32695	1.34242	6.36349	1.34242	6.38972	
1.36173	2.90032	1.36173	3.08403	1.36173	3.38145	1.36173	3.93447	1.36173	5.20261	1.36173	6.19917	1.36173	6.27462	1.36173	6.32694	1.36173	6.36348	1.36173	6.38971	
1.38021	3.06693	1.38021	3.23870	1.38021	3.51769	1.38021	4.03879	1.38021	5.24470	1.38021	6.19920	1.38021	6.27464	1.38021	6.32695	1.38021	6.36349	1.38021	6.38972	
1.39794	3.27532	1.39794	3.43497	1.39794	3.69256	1.39794	4.17215	1.39794	5.29706	1.39794	6.19924	1.39794	6.27466	1.39794	6.32696	1.39794	6.36349	1.39794	6.38973	
1.41497	2.93183	1.41497	3.11491	1.41497	3.41166	1.41497	3.96118	1.41497	5.21313	1.41497	6.19917	1.41497	6.27462	1.41497	6.32694	1.41497	6.36348	1.41497	6.38971	
1.43136	3.16098	1.43136	3.33773	1.43136	3.62000	1.43136	4.13354	1.43136	5.29269	1.43136	6.19925	1.43136	6.27466	1.43136	6.32696	1.43136	6.36350	1.43136	6.38973	
1.44716	3.17060	1.44716	3.34701	1.44716	3.62880	1.44716	4.14119	1.44716	5.29647	1.44716	6.19925	1.44716	6.27466	1.44716	6.32696	1.44716	6.36350	1.44716	6.38973	
1.46240	3.18206	1.46240	3.34986	1.46240	3.62009	1.46240	4.12042	1.46240	5.27834	1.46240	6.19922	1.46240	6.27465	1.46240	6.32695	1.46240	6.36349	1.46240	6.38972	
1.47712	3.21941	1.47712	3.38398	1.47712	3.64930	1.47712	4.14124	1.47712	5.28519	1.47712	6.19922	1.47712	6.27465	1.47712	6.32695	1.47712	6.36349	1.47712	6.38972	
1.49136	3.33252	1.49136	3.48987	1.49136	3.74254	1.49136	4.21179	1.49136	5.31432	1.49136	6.19925	1.49136	6.27466	1.49136	6.32696	1.49136	6.36350	1.49136	6.38973	
1.50515	3.20953	1.50515	3.37420	1.50515	3.63893	1.50515	4.12973	1.50515	5.27642	1.50515	6.19920	1.50515	6.27464	1.50515	6.32695	1.50515	6.36349	1.50515	6.38972	
1.51851	3.19790	1.51851	3.36065	1.51851	3.62438	1.51851	4.11704	1.51851	5.27170	1.51851	6.19920	1.51851	6.27464	1.51851	6.32695	1.51851	6.36349	1.51851	6.38972	
1.53148	3.06451	1.53148	3.24029	1.53148	3.52342	1.53148	4.04489	1.53148	5.24240	1.53148	6.19917	1.53148	6.27462	1.53148	6.32694	1.53148	6.36348	1.53148	6.38971	
1.54407	3.37182	1.54407	3.52635	1.54407	3.77456	1.54407	4.23637	1.54407	5.32492	1.54407	6.19925	1.54407	6.27466	1.54407	6.32696	1.54407	6.36350	1.54407	6.38973	
1.55630	3.32188	1.55630	3.48690	1.55630	3.74896	1.55630	4.22769	1.55630	5.32963	1.55630	6.19928	1.55630	6.27468	1.55630	6.32697	1.55630	6.36350	1.55630	6.38973	
1.56820	3.14588	1.56820	3.31278	1.56820	3.58198	1.56820	4.08326	1.56820	5.25570	1.56820	6.19918	1.56820	6.27463	1.56820	6.32694	1.56820	6.36348	1.56820	6.38971	
1.57978	3.31565	1.57978	3.47754	1.57978	3.73640	1.57978	4.21308	1.57978	5.31923	1.57978	6.19925	1.57978	6.27466	1.57978	6.32696	1.57978	6.36350	1.57978	6.38973	
1.59106	3.26561	1.59106	3.42443	1.59106	3.68179	1.59106	4.16251	1.59106	5.29144	1.59106	6.19921	1.59106	6.27464	1.59106	6.32695	1.59106	6.36349	1.59106	6.38972	
1.61278	3.30867	1.61278	3.47026	1.61278	3.72664	1.61278	4.19805	1.61278	5.30402	1.61278	6.19921	1.61278	6.27464	1.61278	6.32695	1.61278	6.36349	1.61278	6.38972	
1.62325	3.46816	1.62325	3.61597	1.62325	3.85424	1.62325	4.30043	1.62325	5.35689	1.62325	6.19930	1.62325	6.27469	1.62325	6.32698	1.62325	6.36351	1.62325	6.38974	
1.63347	3.27762	1.63347	3.43542	1.63347	3.69127	1.63347	4.17004	1.63347	5.29582	1.63347	6.19922	1.63347	6.27465	1.63347	6.32695	1.63347	6.36349	1.63347	6.38972	
1.64345	3.29444	1.64345	3.45398	1.64345	3.70945	1.64345	4.18303	1.64345	5.29743	1.64345	6.19920	1.64345	6.27464	1.64345	6.32695	1.64345	6.36349	1.64345	6.38972	
1.66276	3.32497	1.66276	3.48373	1.66276	3.73898	1.66276	4.21261	1.66276	5.31840	1.66276	6.19925	1.66276	6.27466	1.66276	6.32696	1.66276	6.36350	1.66276	6.38973	
1.67210	3.43474	1.67210	3.58457	1.67210	3.82482	1.67210	4.27351	1.67210	5.33950	1.67210	6.19925	1.67210	6.27466	1.67210	6.32696	1.67210	6.36350	1.67210	6.38973	
1.69020	3.37899	1.69020	3.53196	1.69020	3.77864	1.69020	4.23874	1.69020	5.32469	1.69020	6.19923	1.69020	6.27465	1.69020	6.32696	1.69020	6.36349	1.69020	6.38972	
1.69897	3.52967	1.69897	3.67291	1.69897	3.90422	1.69897	4.33967	1.69897	5.37533	1.69897	6.19932	1.69897	6.27470	1.69897	6.32698	1.69897	6.36351	1.69897	6.38974	
1.71600	3.46564	1.71600	3.61450	1.71600	3.85214	1.71600	4.29531	1.71600	5.34921	1.71600	6.19925	1.71600	6.27466	1.71600	6.32696	1.71600	6.36350	1.71600	6.38973	
1.72428	3.40249	1.72428	3.55805	1.72428	3.80457	1.72428	4.25906	1.72428	5.33131	1.72428	6.19922	1.72428	6.27465	1.72428	6.32695	1.72428	6.36349	1.72428	6.38972	
1.74036	3.34692	1.74036	3.50154	1.74036	3.75163	1.74036	4.21940	1.74036	5.31982	1.74036	6.19924	1.74036	6.27466	1.74036	6.32696	1.74036	6.36349	1.74036	6.38973	
1.74819	3.42332	1.74819	3.57353	1.74819	3.81583	1.74819	4.26897	1.74819	5.34048	1.74819	6.19925	1.74819	6.27466	1.74819	6.32696	1.74819	6.36350	1.74819	6.38973	
1.76343	3.41756	1.76343	3.57071	1.76343	3.81446	1.76343	4.26600	1.76343	5.33448	1.76343	6.19922	1.76343	6.27465	1.76343	6.32695	1.76343	6.36349	1.76343	6.38972	
1.77815	3.45076	1.77815	3.60607	1.77815	3.85340	1.77815	4.30924	1.77815	5.36822	1.77815	6.19932	1.77815	6.27470	1.77815	6.32698	1.77815	6.36351	1.77815	6.38974	
1.78533	3.59962	1.78533	3.73945	1.78533	3.96474	1.78533	4.39016	1.78533	5.40186	1.78533	6.19936	1.78533	6.27472	1.78533	6.32700	1.78533	6.36352	1.78533	6.38975	
1.79934	3.48105	1.79934	3.63814	1.79934	3.88734	1.79934	4.34314	1.79934	5.38966	1.79934	6.19936	1.79934	6.27472	1.79934	6.32700	1.79934	6.36353	1.79934	6.38975	
1.81291	3.50961	1.81291	3.65694	1.81291	3.89111	1.81291	4.32707	1.81291	5.36391	1.81291	6.19925	1.81291	6.27466	1.81291	6.32696	1.81291	6.36350	1.81291	6.38973	
1.82607	3.52713	1.82607	3.67787	1.82607	3.91724	1.82607	4.35992	1.82607	5.39281	1.82607	6.19935	1.82607	6.27471	1.82607	6.32700	1.82607	6.36352	1.82607	6.38975	
1.83885	3.34221	1.83885	3.50064	1.83885	3.75419	1.83885	4.22148	1.83885	5.31419	1.83885	6.19917	1.83885	6.27462	1.83885	6.32694	1.83885	6.36348	1.83885	6.38971	
1.85126	3.57243	1.85126	3.71280	1.85126	3.93864	1.85126	4.36485	1.85126	5.38415	1.85126	6.19929	1.85126	6.27468	1.85126	6.32698	1.85126	6.36351	1.85126	6.38974	
1.86332	3.42005	1.86332	3.56810	1.86332	3.80722	1.86332	4.25662	1.86332	5.32933	1.86332	6.19921	1.86332	6.27464	1.86332	6.32695	1.86332	6.36349	1.86332	6.38972	
1.88081	3.52714	1.88081	3.67131	1.88081	3.90287	1.88081	4.33693	1.88081	5.36974	1.88081	6.19925	1.88081	6.27466	1.88081	6.32696	1.88081	6.36350	1.88081	6.38973	
1.89209	3.54721	1.89209	3.69399	1.89209	3.92837	1.89209	4.36533	1.89209	5.39286	1.89209	6.19933	1.89209	6.27471	1.89209	6.32699	1.89209	6.36352	1.89209	6.38974	
1.90309	3.46495	1.90309	3.61074	1.90309	3.84697	1.90309	4.29233	1.90309	5.35199	1.90309	6.19925	1.90309	6.27466	1.90309	6.32696	1.90309	6.36350	1.90309	6.38973	
1.91908	3.59001	1.91908	3.73758	1.91908	3.97194	1.91908	4.40627	1.91908	5.41720	1.91908	6.19938	1.91908	6.27473	1.91908	6.32701	1.91908	6.36353	1.91908	6.38975	
1.92942	3.61368	1.92942	3.75411	1.92942	3.97950	1.92942	4.40345	1.92942	5.40790	1.92942	6.19933	1.92942	6.27470	1.92942	6.32699	1.92942	6.36352	1.92942	6.38974	
1.94448	3.48674	1.94448	3.63740	1.94448	3.87654	1.94448	4.31770	1.94448	5.35818	1.94448	6.19920	1.94448	6.27464	1.94448	6.32695	1.94448	6.36349	1.94448	6.38972	
1.95424	3.52502	1.95424	3.67108	1.95424	3.90412	1.95424	4.33833	1.95424	5.36881	1.95424	6.19922	1.95424	6.27465	1.95424	6.32695	1.95424	6.36349	1.95424	6.38972	
1.96848	3.63810	1.96848	3.77547	1.96848	3.99666	1.96848	4.41575	1.96848	5.41400	1.96848	6.19934	1.96848	6.27471	1.96848	6.32699	1.96848	6.36352	1.96848	6.38975	
1.98227	3.47504	1.98227	3.61620	1.98227	3.84639	1.98227	4.28453	1.98227	5.34150	1.98227	6.19920	1.98227	6.27464	1.98227	6.32695	1.98227	6.36349	1.98227	6.38972	
1.99564	3.67232	1.99564	3.80720	1.99564	4.02336	1.99564	4.43372	1.99564	5.41735	1.99564	6.19931	1.99564	6.27469	1.99564	6.32698	1.99564	6.36351	1.99564	6.38974	
2.00860	3.64581	2.00860	3.78400	2.00860	4.00424	2.00860	4.41895	2.00860	5.40920	2.00860	6.19928	2.00860	6.27468	2.00860	6.32697	2.00860	6.36350	2.00860	6.38973	
2.02119	3.58466	2.02119	3.72942	2.02119	3.96133	2.02119	4.39535	2.02119	5.41203	2.02119	6.19936	2.02119	6.27472	2.02119	6.32700	2.02119	6.36352	2.02119	6.38975	
2.03342	3.79023	2.03342	3.91756	2.03342	4.12536	2.03342	4.52708	2.03342	5.47720	2.03342	6.19950	2.03342	6.27479	2.03342	6.32705	2.03342	6.36356	2.03342	6.38978	
2.04532	3.57746	2.04532	3.71738	2.04532	3.94351	2.04532	4.37177	2.04532	5.39263	2.04532	6.19930	2.04532	6.27469	2.04532	6.32698	2.04532	6.36351	2.04532	6.38974	
2.05690	3.73165	2.05690	3.86062	2.05690	4.07043	2.05690	4.47444	2.05690	5.44231	2.05690	6.19937	2.05690	6.27472	2.05690	6.32700	2.05690	6.36353	2.05690	6.38975	
2.07188	3.71975	2.07188	3.84982	2.07188	4.06025	2.07188	4.46402	2.07188	5.43378	2.07188	6.19933	2.07188	6.27470	2.07188	6.32699	2.07188	6.36352	2.07188	6.38974	
2.08279	3.71268	2.08279	3.84485	2.08279	4.05697	2.08279	4.46147	2.08279	5.43121	2.08279	6.19931	2.08279	6.27469	2.08279	6.32698	2.08279	6.36351	2.08279	6.38974	
2.09691	3.63791	2.09691	3.78224	2.09691	4.01355	2.09691	4.44661	2.09691	5.44773	2.09691	6.19947	2.09691	6.27477	2.09691	6.32704	2.09691	6.36355	2.09691	6.38977	
2.11059	3.69754	2.11059	3.83101	2.11059	4.04716	2.11059	4.45949	2.11059	5.43801	2.11059	6.19935	2.11059	6.27471	2.11059	6.32700	2.11059	6.36352	2.11059	6.38975	
2.12385	3.67053	2.12385	3.80547	2.12385	4.02256	2.12385	4.43436	2.12385	5.41745	2.12385	6.19925	2.12385	6.27466	2.12385	6.32696	2.12385	6.36350	2.12385	6.38973	
2.13672	3.84670	2.13672	3.96913	2.13672	4.17115	2.13672	4.56595	2.13672	5.49743	2.13672	6.19953	2.13672	6.27480	2.13672	6.32705	2.13672	6.36357	2.13672	6.38978	
2.14922	3.64332	2.14922	3.77496	2.14922	3.99001	2.14922	4.40344	2.14922	5.40209	2.14922	6.19925	2.14922	6.27466	2.14922	6.32696	2.14922	6.36350	2.14922	6.38973	
2.16137	3.62443	2.16137	3.75596	2.16137	3.97102	2.16137	4.38498	2.16137	5.39025	2.16137	6.19922	2.16137	6.27465	2.16137	6.32695	2.16137	6.36349	2.16137	6.38972	
2.17319	3.82301	2.17319	3.94631	2.17319	4.14816	2.17319	4.54094	2.17319	5.47688	2.17319	6.19941	2.17319	6.27474	2.17319	6.32701	2.17319	6.36353	2.17319	6.38976	
2.18752	3.79039	2.18752	3.91681	2.18752	4.12161	2.18752	4.51682	2.18752	5.46136	2.18752	6.19934	2.18752	6.27471	2.18752	6.32699	2.18752	6.36352	2.18752	6.38975	
2.19866	3.79151	2.19866	3.92217	2.19866	4.13390	2.19866	4.53969	2.19866	5.48679	2.19866	6.19947	2.19866	6.27477	2.19866	6.32704	2.19866	6.36355	2.19866	6.38977	
2.21219	3.71571	2.21219	3.85408	2.21219	4.07716	2.21219	4.50028	2.21219	5.47904	2.21219	6.19956	2.21219	6.27481	2.21219	6.32706	2.21219	6.36357	2.21219	6.38979	
2.22531	3.76096	2.22531	3.89186	2.22531	4.10432	2.22531	4.51215	2.22531	5.47147	2.22531	6.19943	2.22531	6.27475	2.22531	6.32702	2.22531	6.36354	2.22531	6.38976	
2.23805	3.76896	2.23805	3.90191	2.23805	4.11676	2.23805	4.52803	2.23805	5.48759	2.23805	6.19955	2.23805	6.27481	2.23805	6.32706	2.23805	6.36357	2.23805	6.38979	
2.25042	3.75905	2.25042	3.88524	2.25042	4.09201	2.25042	4.49253	2.25042	5.45067	2.25042	6.19930	2.25042	6.27469	2.25042	6.32698	2.25042	6.36351	2.25042	6.38974	
2.26482	3.91799	2.26482	4.04289	2.26482	4.24757	2.26482	4.64478	2.26482	5.54852	2.26482	6.19968	2.26482	6.27488	2.26482	6.32711	2.26482	6.36360	2.26482	6.38981	
2.27646	3.86422	2.27646	3.99709	2.27646	4.21298	2.27646	4.62636	2.27646	5.55113	2.27646	6.19976	2.27646	6.27492	2.27646	6.32713	2.27646	6.36362	2.27646	6.38983	
2.29003	3.86693	2.29003	3.98694	2.29003	4.18556	2.29003	4.57554	2.29003	5.49915	2.29003	6.19946	2.29003	6.27477	2.29003	6.32703	2.29003	6.36355	2.29003	6.38977	
2.30320	3.80859	2.30320	3.93034	2.30320	4.13096	2.30320	4.52347	2.30320	5.46688	2.30320	6.19936	2.30320	6.27471	2.30320	6.32700	2.30320	6.36352	2.30320	6.38975	
2.31597	3.86608	2.31597	3.98670	2.31597	4.18508	2.31597	4.57315	2.31597	5.49388	2.31597	6.19939	2.31597	6.27473	2.31597	6.32701	2.31597	6.36353	2.31597	6.38975	
2.32838	3.90146	2.32838	4.02475	2.32838	4.22759	2.32838	4.62183	2.32838	5.52932	2.32838	6.19952	2.32838	6.27479	2.32838	6.32705	2.32838	6.36356	2.32838	6.38978	
2.34044	3.83085	2.34044	3.96180	2.34044	4.17566	2.34044	4.58821	2.34044	5.52938	2.34044	6.19967	2.34044	6.27487	2.34044	6.32710	2.34044	6.36360	2.34044	6.38981	
2.35411	3.82964	2.35411	3.95479	2.35411	4.15764	2.35411	4.54892	2.35411	5.47698	2.35411	6.19928	2.35411	6.27468	2.35411	6.32697	2.35411	6.36350	2.35411	6.38973	
2.36736	3.82192	2.36736	3.95248	2.36736	4.16597	2.36736	4.57925	2.36736	5.52829	2.36736	6.19973	2.36736	6.27490	2.36736	6.32712	2.36736	6.36362	2.36736	6.38982	
2.38021	3.85270	2.38021	3.97756	2.38021	4.18322	2.38021	4.58400	2.38021	5.51476	2.38021	6.19951	2.38021	6.27479	2.38021	6.32705	2.38021	6.36356	2.38021	6.38978	
2.39270	3.82970	2.39270	3.95494	2.39270	4.15924	2.39270	4.55380	2.39270	5.48246	2.39270	6.19926	2.39270	6.27466	2.39270	6.32696	2.39270	6.36350	2.39270	6.38973	
2.40483	3.89778	2.40483	4.02142	2.40483	4.22569	2.40483	4.62570	2.40483	5.54458	2.40483	6.19971	2.40483	6.27489	2.40483	6.32711	2.40483	6.36361	2.40483	6.38982	
2.41830	3.81091	2.41830	3.93567	2.41830	4.13976	2.41830	4.53504	2.41830	5.47155	2.41830	6.19921	2.41830	6.27464	2.41830	6.32695	2.41830	6.36348	2.41830	6.38972	
2.43136	3.83912	2.43136	3.96246	2.43136	4.16576	2.43136	4.56380	2.43136	5.50274	2.43136	6.19951	2.43136	6.27479	2.43136	6.32705	2.43136	6.36356	2.43136	6.38978	
2.44404	3.98139	2.44404	4.10487	2.44404	4.30784	2.44404	4.70272	2.44404	5.58170	2.44404	6.19974	2.44404	6.27491	2.44404	6.32712	2.44404	6.36362	2.44404	6.38982	
2.45637	3.98397	2.45637	4.11373	2.45637	4.32543	2.45637	4.73121	2.45637	5.60397	2.45637	6.19983	2.45637	6.27495	2.45637	6.32715	2.45637	6.36364	2.45637	6.38984	
2.46982	3.91214	2.46982	4.04532	2.46982	4.26581	2.46982	4.69420	2.46982	5.61198	2.46982	6.20008	2.46982	6.27507	2.46982	6.32723	2.46982	6.36370	2.46982	6.38989	
2.48144	3.97903	2.48144	4.10758	2.48144	4.31736	2.48144	4.71985	2.48144	5.59395	2.48144	6.19974	2.48144	6.27490	2.48144	6.32712	2.48144	6.36362	2.48144	6.38982	
2.49554	3.80377	2.49554	3.92127	2.49554	4.11655	2.49554	4.50259	2.49554	5.44780	2.49554	6.19918	2.49554	6.27462	2.49554	6.32693	2.49554	6.36348	2.49554	6.38971	
2.50786	3.95443	2.50786	4.08511	2.50786	4.30037	2.50786	4.71535	2.50786	5.60437	2.50786	6.19983	2.50786	6.27495	2.50786	6.32715	2.50786	6.36364	2.50786	6.38984	
2.52114	3.92726	2.52114	4.05787	2.52114	4.27410	2.52114	4.69437	2.52114	5.60253	2.52114	6.19992	2.52114	6.27499	2.52114	6.32718	2.52114	6.36366	2.52114	6.38986	
2.53403	3.95095	2.53403	4.08040	2.53403	4.29373	2.53403	4.70553	2.53403	5.59539	2.53403	6.19974	2.53403	6.27490	2.53403	6.32712	2.53403	6.36361	2.53403	6.38982	
2.54654	3.86453	2.54654	3.98332	2.54654	4.17866	2.54654	4.56138	2.54654	5.48018	2.54654	6.19921	2.54654	6.27464	2.54654	6.32694	2.54654	6.36348	2.54654	6.38971	
2.55871	3.92432	2.55871	4.04948	2.55871	4.25386	2.55871	4.64755	2.55871	5.54089	2.55871	6.19938	2.55871	6.27472	2.55871	6.32700	2.55871	6.36352	2.55871	6.38975	
2.57171	3.99755	2.57171	4.12589	2.57171	4.33914	2.57171	4.75672	2.57171	5.64163	2.57171	6.20024	2.57171	6.27515	2.57171	6.32729	2.57171	6.36374	2.57171	6.38992	
2.58433	3.93135	2.58433	4.05839	2.58433	4.26790	2.58433	4.67333	2.58433	5.56946	2.58433	6.19952	2.58433	6.27479	2.58433	6.32705	2.58433	6.36356	2.58433	6.38977	
2.59770	3.91914	2.59770	4.04601	2.59770	4.25624	2.59770	4.66613	2.59770	5.57483	2.59770	6.19963	2.59770	6.27485	2.59770	6.32708	2.59770	6.36359	2.59770	6.38980	
2.61066	3.90127	2.61066	4.02668	2.61066	4.23310	2.61066	4.63225	2.61066	5.53624	2.61066	6.19929	2.61066	6.27468	2.61066	6.32697	2.61066	6.36350	2.61066	6.38973	
2.62325	3.89570	2.62325	4.02147	2.62325	4.23046	2.62325	4.64091	2.62325	5.56690	2.62325	6.19971	2.62325	6.27488	2.62325	6.32711	2.62325	6.36360	2.62325	6.38981	
2.63649	3.90151	2.63649	4.02666	2.63649	4.23486	2.63649	4.64525	2.63649	5.57460	2.63649	6.19988	2.63649	6.27497	2.63649	6.32716	2.63649	6.36365	2.63649	6.38984	
2.64933	3.89208	2.64933	4.01650	2.64933	4.22303	2.64933	4.62776	2.64933	5.54819	2.64933	6.19946	2.64933	6.27476	2.64933	6.32702	2.64933	6.36354	2.64933	6.38976	
2.66181	3.89202	2.66181	4.01592	2.66181	4.22207	2.66181	4.62890	2.66181	5.56101	2.66181	6.19978	2.66181	6.27492	2.66181	6.32713	2.66181	6.36362	2.66181	6.38982	
2.67486	3.96563	2.67486	4.08887	2.67486	4.29389	2.67486	4.69777	2.67486	5.59735	2.67486	6.19991	2.67486	6.27498	2.67486	6.32717	2.67486	6.36365	2.67486	6.38985	
2.68753	3.86737	2.68753	3.98995	2.68753	4.19362	2.68753	4.59411	2.68753	5.52386	2.68753	6.19931	2.68753	6.27468	2.68753	6.32697	2.68753	6.36350	2.68753	6.38973	
2.70070	4.18667	2.70070	4.30852	2.70070	4.51070	2.70070	4.90348	2.70070	5.68839	2.70070	6.20012	2.70070	6.27509	2.70070	6.32724	2.70070	6.36370	2.70070	6.38989	
2.71349	4.24329	2.71349	4.36445	2.71349	4.56528	2.71349	4.95348	2.71349	5.70713	2.71349	6.20016	2.71349	6.27511	2.71349	6.32725	2.71349	6.36371	2.71349	6.38990	
2.72591	3.84098	2.72591	3.96169	2.72591	4.16256	2.72591	4.55947	2.72591	5.50209	2.72591	6.19928	2.72591	6.27466	2.72591	6.32696	2.72591	6.36349	2.72591	6.38972	
2.73878	4.16726	2.73878	4.28725	2.73878	4.48653	2.73878	4.87524	2.73878	5.67178	2.73878	6.19998	2.73878	6.27502	2.73878	6.32719	2.73878	6.36367	2.73878	6.38986	
2.75128	3.99466	2.75128	4.11410	2.75128	4.31286	2.75128	4.70504	2.75128	5.58821	2.75128	6.19972	2.75128	6.27488	2.75128	6.32711	2.75128	6.36360	2.75128	6.38981	
2.76418	3.84616	2.76418	3.96498	2.76418	4.16285	2.76418	4.55527	2.76418	5.49934	2.76418	6.19941	2.76418	6.27473	2.76418	6.32700	2.76418	6.36352	2.76418	6.38975	
2.77743	4.76864	2.77743	4.88259	2.77743	5.06463	2.77743	5.38478	2.77743	5.84531	2.77743	6.20101	2.77743	6.27553	2.77743	6.32753	2.77743	6.36392	2.77743	6.39006	
2.79029	4.03325	2.79029	4.15074	2.79029	4.34626	2.79029	4.73190	2.79029	5.59539	2.79029	6.19964	2.79029	6.27484	2.79029	6.32708	2.79029	6.36358	2.79029	6.38979	
2.80277	4.76371	2.80277	4.87705	2.80277	5.05862	2.80277	5.37914	2.80277	5.84313	2.80277	6.20094	2.80277	6.27549	2.80277	6.32751	2.80277	6.36390	2.80277	6.39005	
2.81558	4.52303	2.81558	4.63862	2.81558	4.82850	2.81558	5.18369	2.81558	5.78217	2.81558	6.20031	2.81558	6.27518	2.81558	6.32730	2.81558	6.36374	2.81558	6.38992	
2.82866	4.23447	2.82866	4.34998	2.82866	4.54182	2.82866	4.91582	2.82866	5.67778	2.82866	6.19976	2.82866	6.27490	2.82866	6.32711	2.82866	6.36361	2.82866	6.38981	
2.84136	4.38989	2.84136	4.50461	2.84136	4.69446	2.84136	5.05856	2.84136	5.73525	2.84136	6.19997	2.84136	6.27500	2.84136	6.32718	2.84136	6.36365	2.84136	6.38985	
2.85431	4.58265	2.85431	4.69618	2.85431	4.88225	2.85431	5.22774	2.85431	5.79462	2.85431	6.20032	2.85431	6.27518	2.85431	6.32730	2.85431	6.36374	2.85431	6.38992	
2.86688	4.95502	2.86688	5.05990	2.86688	5.22518	2.86688	5.50607	2.86688	5.87917	2.86688	6.20146	2.86688	6.27575	2.86688	6.32768	2.86688	6.36403	2.86688	6.39015	
2.88024	4.41981	2.88024	4.53260	2.88024	4.71924	2.88024	5.07694	2.88024	5.73869	2.88024	6.19987	2.88024	6.27495	2.88024	6.32715	2.88024	6.36363	2.88024	6.38983	
2.89265	4.27479	2.89265	4.38711	2.89265	4.57370	2.89265	4.93751	2.89265	5.67878	2.89265	6.19956	2.89265	6.27479	2.89265	6.32704	2.89265	6.36355	2.89265	6.38976	
2.90580	4.96355	2.90580	5.06758	2.90580	5.23165	2.90580	5.51026	2.90580	5.87979	2.90580	6.20140	2.90580	6.27571	2.90580	6.32765	2.90580	6.36401	2.90580	6.39013	
2.91855	4.99781	2.91855	5.09991	2.91855	5.26061	2.91855	5.53169	2.91855	5.88606	2.91855	6.20153	2.91855	6.27578	2.91855	6.32769	2.91855	6.36404	2.91855	6.39015	
2.93146	5.07243	2.93146	5.16975	2.93146	5.32274	2.93146	5.57735	2.93146	5.89993	2.93146	6.20190	2.93146	6.27596	2.93146	6.32782	2.93146	6.36413	2.93146	6.39023	
2.94399	4.70605	2.94399	4.81480	2.94399	4.99219	2.94399	5.31605	2.94399	5.81917	2.94399	6.20031	2.94399	6.27516	2.94399	6.32728	2.94399	6.36373	2.94399	6.38991	
2.95713	4.96098	2.95713	5.06425	2.95713	5.22767	2.95713	5.50610	2.95713	5.87761	2.95713	6.20123	2.95713	6.27562	2.95713	6.32759	2.95713	6.36396	2.95713	6.39009	
2.96988	4.65983	2.96988	4.76770	2.96988	4.94460	2.96988	5.27239	2.96988	5.80328	2.96988	6.20007	2.96988	6.27504	2.96988	6.32720	2.96988	6.36366	2.96988	6.38985	
2.98272	5.13583	2.98272	5.22864	2.98272	5.37451	2.98272	5.61406	2.98272	5.91054	2.98272	6.20214	2.98272	6.27608	2.98272	6.32789	2.98272	6.36418	2.98272	6.39027	
2.99564	5.05104	2.99564	5.14943	2.99564	5.30404	2.99564	5.56227	2.99564	5.89398	2.99564	6.20156	2.99564	6.27578	2.99564	6.32769	2.99564	6.36403	2.99564	6.39015	
3.00817	5.08449	3.00817	5.18079	3.00817	5.33185	3.00817	5.58238	3.00817	5.89994	3.00817	6.20170	3.00817	6.27585	3.00817	6.32774	3.00817	6.36407	3.00817	6.39017	
3.02119	5.10153	3.02119	5.19665	3.02119	5.34579	3.02119	5.59223	3.02119	5.90274	3.02119	6.20176	3.02119	6.27588	3.02119	6.32776	3.02119	6.36408	3.02119	6.39018	
3.03423	5.17146	3.03423	5.26166	3.03423	5.40316	3.03423	5.63353	3.03423	5.91570	3.03423	6.20218	3.03423	6.27609	3.03423	6.32790	3.03423	6.36418	3.03423	6.39027	
3.04689	4.73369	3.04689	4.83765	3.04689	5.00788	3.04689	5.32096	3.04689	5.81548	3.04689	6.19993	3.04689	6.27495	3.04689	6.32714	3.04689	6.36361	3.04689	6.38981	
3.05956	5.08392	3.05956	5.17970	3.05956	5.33010	3.05956	5.57980	3.05956	5.89801	3.05956	6.20149	3.05956	6.27573	3.05956	6.32766	3.05956	6.36400	3.05956	6.39012	
3.07262	4.63005	3.07262	4.73317	3.07262	4.90335	3.07262	5.22468	3.07262	5.77869	3.07262	6.19945	3.07262	6.27471	3.07262	6.32697	3.07262	6.36349	3.07262	6.38971	
3.08529	5.16199	3.08529	5.25273	3.08529	5.39466	3.08529	5.62603	3.08529	5.91206	3.08529	6.20187	3.08529	6.27592	3.08529	6.32778	3.08529	6.36409	3.08529	6.39019	
3.09830	4.94477	3.09830	5.04429	3.09830	5.20398	3.09830	5.48180	3.09830	5.86633	3.09830	6.20057	3.09830	6.27526	3.09830	6.32734	3.09830	6.36376	3.09830	6.38992	
3.11093	4.82943	3.11093	4.92989	3.11093	5.09357	3.11093	5.38952	3.11093	5.83544	3.11093	6.19996	3.11093	6.27495	3.11093	6.32713	3.11093	6.36360	3.11093	6.38980	
3.12385	4.70821	3.12385	4.80868	3.12385	4.97410	3.12385	5.28326	3.12385	5.79667	3.12385	6.19939	3.12385	6.27466	3.12385	6.32694	3.12385	6.36346	3.12385	6.38968	
3.13672	5.32518	3.13672	5.40719	3.13672	5.53377	3.13672	5.72718	3.13672	5.94683	3.13672	6.20351	3.13672	6.27675	3.13672	6.32832	3.13672	6.36450	3.13672	6.39051	
3.14953	4.78759	3.14953	4.88656	3.14953	5.04879	3.14953	5.34719	3.14953	5.81833	3.14953	6.19954	3.14953	6.27473	3.14953	6.32698	3.14953	6.36349	3.14953	6.38970	
3.16256	4.90717	3.16256	5.00467	3.16256	5.16274	3.16256	5.44388	3.16256	5.85128	3.16256	6.20001	3.16256	6.27496	3.16256	6.32713	3.16256	6.36360	3.16256	6.38979	
3.17522	5.14691	3.17522	5.23762	3.17522	5.37973	3.17522	5.61271	3.17522	5.90556	3.17522	6.20129	3.17522	6.27560	3.17522	6.32756	3.17522	6.36392	3.17522	6.39004	
3.18808	5.31686	3.18808	5.39659	3.18808	5.52076	3.18808	5.71406	3.18808	5.93994	3.18808	6.20281	3.18808	6.27637	3.18808	6.32807	3.18808	6.36430	3.18808	6.39034	
3.20085	4.94734	3.20085	5.04279	3.20085	5.19717	3.20085	5.46961	3.20085	5.85809	3.20085	6.19995	3.20085	6.27492	3.20085	6.32710	3.20085	6.36357	3.20085	6.38976	
3.21378	5.28832	3.21378	5.36963	3.21378	5.49610	3.21378	5.69523	3.21378	5.93234	3.21378	6.20225	3.21378	6.27608	3.21378	6.32786	3.21378	6.36414	3.21378	6.39022	
3.22660	4.97852	3.22660	5.07252	3.22660	5.22421	3.22660	5.48999	3.22660	5.86371	3.22660	6.19993	3.22660	6.27490	3.22660	6.32708	3.22660	6.36355	3.22660	6.38974	
3.23955	5.36528	3.23955	5.44190	3.23955	5.56040	3.23955	5.74101	3.23955	5.94874	3.23955	6.20314	3.23955	6.27652	3.23955	6.32815	3.23955	6.36436	3.23955	6.39038	
3.25237	5.23851	3.25237	5.32309	3.25237	5.45455	3.25237	5.66453	3.25237	5.92070	3.25237	6.20150	3.25237	6.27568	3.25237	6.32759	3.25237	6.36393	3.25237	6.39004	
3.26505	5.08532	3.26505	5.17595	3.26505	5.32021	3.26505	5.56420	3.26505	5.88689	3.26505	6.20027	3.26505	6.27505	3.26505	6.32717	3.26505	6.36361	3.26505	6.38979	
3.27807	5.43626	3.27807	5.51429	3.27807	5.63002	3.27807	5.79391	3.27807	5.97048	3.27807	6.20487	3.27807	6.27741	3.27807	6.32874	3.27807	6.36479	3.27807	6.39072	
3.29070	5.43821	3.29070	5.51419	3.29070	5.62767	3.29070	5.79023	3.29070	5.96800	3.29070	6.20451	3.29070	6.27721	3.29070	6.32860	3.29070	6.36468	3.29070	6.39064	
3.30363	5.43958	3.30363	5.51388	3.30363	5.62559	3.30363	5.78712	3.30363	5.96592	3.30363	6.20420	3.30363	6.27704	3.30363	6.32849	3.30363	6.36459	3.30363	6.39056	
3.31639	5.45151	3.31639	5.52558	3.31639	5.63625	3.31639	5.79464	3.31639	5.96884	3.31639	6.20441	3.31639	6.27714	3.31639	6.32855	3.31639	6.36464	3.31639	6.39060	
3.32940	5.46534	3.32940	5.53961	3.32940	5.64952	3.32940	5.80444	3.32940	5.97293	3.32940	6.20476	3.32940	6.27732	3.32940	6.32866	3.32940	6.36472	3.32940	6.39066	
3.34223	5.48306	3.34223	5.55923	3.34223	5.66998	3.34223	5.82117	3.34223	5.98095	3.34223	6.20568	3.34223	6.27780	3.34223	6.32898	3.34223	6.36495	3.34223	6.39085	
3.35507	5.16996	3.35507	5.25549	3.35507	5.39057	3.35507	5.61377	3.35507	5.90034	3.35507	6.20010	3.35507	6.27491	3.35507	6.32705	3.35507	6.36350	3.35507	6.38968	
3.36791	5.35147	3.36791	5.42780	3.36791	5.54504	3.36791	5.72538	3.36791	5.93907	3.36791	6.20173	3.36791	6.27572	3.36791	6.32759	3.36791	6.36390	3.36791	6.39000	
3.38057	5.48015	3.38057	5.54954	3.38057	5.65354	3.38057	5.80272	3.38057	5.96971	3.38057	6.20400	3.38057	6.27688	3.38057	6.32836	3.38057	6.36447	3.38057	6.39045	
3.39358	5.51940	3.39358	5.59363	3.39358	5.69985	3.39358	5.84101	3.39358	5.98876	3.39358	6.20637	3.39358	6.27814	3.39358	6.32919	3.39358	6.36510	3.39358	6.39095	
3.40637	5.38658	3.40637	5.46025	3.40637	5.57280	3.40637	5.74363	3.40637	5.94473	3.40637	6.20180	3.40637	6.27572	3.40637	6.32757	3.40637	6.36388	3.40637	6.38997	
3.41913	5.52695	3.41913	5.59656	3.41913	5.69730	3.41913	5.83456	3.41913	5.98343	3.41913	6.20530	3.41913	6.27754	3.41913	6.32878	3.41913	6.36478	3.41913	6.39069	
3.43201	5.34766	3.43201	5.42384	3.43201	5.54059	3.43201	5.72034	3.43201	5.93531	3.43201	6.20104	3.43201	6.27532	3.43201	6.32729	3.43201	6.36366	3.43201	6.38978	
3.44483	5.54443	3.44483	5.61253	3.44483	5.71045	3.44483	5.84268	3.44483	5.98633	3.44483	6.20545	3.44483	6.27759	3.44483	6.32881	3.44483	6.36479	3.44483	6.39069	
3.45773	5.41959	3.45773	5.49070	3.45773	5.59854	3.45773	5.75995	3.45773	5.94938	3.45773	6.20168	3.45773	6.27562	3.45773	6.32748	3.45773	6.36379	3.45773	6.38988	
3.47056	5.57164	3.47056	5.64126	3.47056	5.73877	3.47056	5.86488	3.47056	5.99762	3.47056	6.20707	3.47056	6.27845	3.47056	6.32936	3.47056	6.36519	3.47056	6.39100	
3.48330	5.54576	3.48330	5.60913	3.48330	5.70232	3.48330	5.83244	3.48330	5.97921	3.48330	6.20412	3.48330	6.27685	3.48330	6.32828	3.48330	6.36438	3.48330	6.39034	
3.49624	5.40874	3.49624	5.48050	3.49624	5.58921	3.49624	5.75242	3.49624	5.94532	3.49624	6.20106	3.49624	6.27526	3.49624	6.32722	3.49624	6.36358	3.49624	6.38969	
3.50907	5.60030	3.50907	5.66830	3.50907	5.76206	3.50907	5.88062	3.50907	6.00479	3.50907	6.20804	3.50907	6.27894	3.50907	6.32967	3.50907	6.36540	3.50907	6.39115	
3.52192	5.59730	3.52192	5.66037	3.52192	5.74917	3.52192	5.86630	3.52192	5.99490	3.52192	6.20590	3.52192	6.27775	3.52192	6.32886	3.52192	6.36479	3.52192	6.39065	
3.53466	5.57616	3.53466	5.63635	3.53466	5.72408	3.53466	5.84533	3.53466	5.98328	3.53466	6.20405	3.53466	6.27675	3.53466	6.32818	3.53466	6.36428	3.53466	6.39024	
3.54753	5.52251	3.54753	5.58561	3.54753	5.67916	3.54753	5.81299	3.54753	5.96820	3.54753	6.20229	3.54753	6.27581	3.54753	6.32755	3.54753	6.36379	3.54753	6.38984	
3.56038	5.44825	3.56038	5.51706	3.56038	5.62024	3.56038	5.77229	3.56038	5.95119	3.56038	6.20078	3.56038	6.27502	3.56038	6.32701	3.56038	6.36338	3.56038	6.38950	
3.57322	5.65018	3.57322	5.71530	3.57322	5.80255	3.57322	5.90871	3.57322	6.01898	3.57322	6.21061	3.57322	6.28032	3.57322	6.33055	3.57322	6.36603	3.57322	6.39161	
3.58602	5.65894	3.58602	5.72233	3.58602	5.80688	3.58602	5.90999	3.58602	6.01852	3.58602	6.21018	3.58602	6.28004	3.58602	6.33034	3.58602	6.36586	3.58602	6.39147	
3.59890	5.66786	3.59890	5.72971	3.59890	5.81187	3.59890	5.91215	3.59890	6.01882	3.59890	6.20998	3.59890	6.27990	3.59890	6.33023	3.59890	6.36576	3.59890	6.39138	
3.61172	5.67729	3.61172	5.73799	3.61172	5.81819	3.61172	5.91584	3.61172	6.02032	3.61172	6.21014	3.61172	6.27997	3.61172	6.33027	3.61172	6.36579	3.61172	6.39140	
3.62459	5.68722	3.62459	5.74704	3.62459	5.82559	3.62459	5.92072	3.62459	6.02274	3.62459	6.21060	3.62459	6.28022	3.62459	6.33042	3.62459	6.36588	3.62459	6.39146	
3.63739	5.69747	3.63739	5.75677	3.63739	5.83408	3.63739	5.92692	3.63739	6.02631	3.63739	6.21145	3.63739	6.28070	3.63739	6.33074	3.63739	6.36611	3.63739	6.39163	
3.65021	5.70766	3.65021	5.76657	3.65021	5.84288	3.65021	5.93373	3.65021	6.03061	3.65021	6.21265	3.65021	6.28140	3.65021	6.33120	3.65021	6.36645	3.65021	6.39190	
3.66304	5.55999	3.66304	5.62032	3.66304	5.70770	3.66304	5.82974	3.66304	5.97219	3.66304	6.20124	3.66304	6.27503	3.66304	6.32689	3.66304	6.36319	3.66304	6.38927	
3.67596	5.63556	3.67596	5.68912	3.67596	5.76518	3.67596	5.86846	3.67596	5.98955	3.67596	6.20304	3.67596	6.27593	3.67596	6.32747	3.67596	6.36362	3.67596	6.38960	
3.68878	5.69330	3.68878	5.74266	3.68878	5.81077	3.68878	5.90038	3.68878	6.00557	3.68878	6.20533	3.68878	6.27714	3.68878	6.32828	3.68878	6.36422	3.68878	6.39007	
3.70157	5.72797	3.70157	5.77739	3.70157	5.84256	3.70157	5.92466	3.70157	6.01967	3.70157	6.20814	3.70157	6.27864	3.70157	6.32925	3.70157	6.36492	3.70157	6.39062	
3.71441	5.74730	3.71441	5.79830	3.71441	5.86340	3.71441	5.94230	3.71441	6.03149	3.71441	6.21130	3.71441	6.28039	3.71441	6.33039	3.71441	6.36576	3.71441	6.39127	
3.72730	5.75972	3.72730	5.81175	3.72730	5.87729	3.72730	5.95489	3.72730	6.04087	3.72730	6.21463	3.72730	6.28241	3.72730	6.33176	3.72730	6.36677	3.72730	6.39206	
3.74013	5.68819	3.74013	5.73654	3.74013	5.80367	3.74013	5.89320	3.74013	6.00001	3.74013	6.20361	3.74013	6.27607	3.74013	6.32749	3.74013	6.36355	3.74013	6.38948	
3.75297	5.75707	3.75297	5.80176	3.75297	5.86044	3.75297	5.93502	3.75297	6.02382	3.75297	6.20822	3.75297	6.27851	3.75297	6.32907	3.75297	6.36470	3.75297	6.39038	
3.76574	5.78168	3.76574	5.82849	3.76574	5.88715	3.76574	5.95795	3.76574	6.03981	3.76574	6.21306	3.76574	6.28133	3.76574	6.33095	3.76574	6.36609	3.76574	6.39146	
3.77859	5.66002	3.77859	5.71123	3.77859	5.78246	3.77859	5.87796	3.77859	5.99152	3.77859	6.20180	3.77859	6.27495	3.77859	6.32663	3.77859	6.36283	3.77859	6.38884	
3.79148	5.77482	3.79148	5.81599	3.79148	5.87025	3.79148	5.94010	3.79148	6.02527	3.79148	6.20781	3.79148	6.27815	3.79148	6.32874	3.79148	6.36440	3.79148	6.39008	
3.80428	5.80636	3.80428	5.84962	3.80428	5.90335	3.80428	5.96851	3.80428	6.04542	3.80428	6.21408	3.80428	6.28180	3.80428	6.33120	3.80428	6.36622	3.80428	6.39151	
3.81710	5.71515	3.81710	5.76059	3.81710	5.82257	3.81710	5.90461	3.81710	6.00412	3.81710	6.20306	3.81710	6.27545	3.81710	6.32686	3.81710	6.36292	3.81710	6.38884	
3.82995	5.81137	3.82995	5.84991	3.82995	5.89907	3.82995	5.96127	3.82995	6.03793	3.82995	6.21061	3.82995	6.27961	3.82995	6.32961	3.82995	6.36495	3.82995	6.39043	
3.84280	5.83170	3.84280	5.87261	3.84280	5.92299	3.84280	5.98394	3.84280	6.05637	3.84280	6.21810	3.84280	6.28417	3.84280	6.33271	3.84280	6.36726	3.84280	6.39227	
3.85564	5.80640	3.85564	5.84239	3.85564	5.88985	3.85564	5.95194	3.85564	6.03037	3.85564	6.20784	3.85564	6.27791	3.85564	6.32841	3.85564	6.36399	3.85564	6.38963	
3.86847	5.84382	3.86847	5.88142	3.86847	5.92794	3.86847	5.98532	3.86847	6.05544	3.86847	6.21670	3.86847	6.28313	3.86847	6.33190	3.86847	6.36659	3.86847	6.39168	
3.88133	5.79934	3.88133	5.83498	3.88133	5.88250	3.88133	5.94535	3.88133	6.02534	3.88133	6.20607	3.88133	6.27681	3.88133	6.32758	3.88133	6.36329	3.88133	6.38898	
3.89415	5.85562	3.89415	5.89059	3.89415	5.93407	3.89415	5.98848	3.89415	6.05640	3.89415	6.21629	3.89415	6.28272	3.89415	6.33149	3.89415	6.36617	3.89415	6.39127	
3.90698	5.80395	3.90698	5.83885	3.90698	5.88532	3.90698	5.94690	3.90698	6.02571	3.90698	6.20561	3.90698	6.27639	3.90698	6.32721	3.90698	6.36295	3.90698	6.38867	
3.91981	5.86775	3.91981	5.90072	3.91981	5.94180	3.91981	5.99367	3.91981	6.05935	3.91981	6.21693	3.91981	6.28304	3.91981	6.33167	3.91981	6.36625	3.91981	6.39126	
3.93268	5.82474	3.93268	5.85718	3.93268	5.90028	3.93268	5.95763	3.93268	6.03201	3.93268	6.20661	3.93268	6.27671	3.93268	6.32728	3.93268	6.36288	3.93268	6.38849	
3.94552	5.88008	3.94552	5.91162	3.94552	5.95096	3.94552	6.00088	3.94552	6.06453	3.94552	6.21887	3.94552	6.28414	3.94552	6.33231	3.94552	6.36664	3.94552	6.39150	
3.95832	5.85497	3.95832	5.88412	3.95832	5.92269	3.95832	5.97432	3.95832	6.04255	3.95832	6.20907	3.95832	6.27790	3.95832	6.32795	3.95832	6.36333	3.95832	6.38886	
3.97118	5.89160	3.97118	5.92214	3.97118	5.96038	3.97118	6.00910	3.97118	6.07132	3.97118	6.22216	3.97118	6.28615	3.97118	6.33357	3.97118	6.36746	3.97118	6.39207	
3.98403	5.88116	3.98403	5.90822	3.98403	5.94359	3.98403	5.99090	3.98403	6.05409	3.98403	6.21280	3.98403	6.28001	3.98403	6.32922	3.98403	6.36407	3.98403	6.38922	
3.99686	5.90191	3.99686	5.93171	3.99686	5.96931	3.99686	6.01742	3.99686	6.07880	3.99686	6.22653	3.99686	6.28909	3.99686	6.33553	3.99686	6.36878	3.99686	6.39293	
4.00966	5.90055	4.00966	5.92709	4.00966	5.96124	4.00966	6.00641	4.00966	6.06647	4.00966	6.21807	4.00966	6.28319	4.00966	6.33131	4.00966	6.36559	4.00966	6.39041	
4.02251	5.86732	4.02251	5.89365	4.02251	5.92902	4.02251	5.97744	4.02251	6.04309	4.02251	6.20799	4.02251	6.27688	4.02251	6.32698	4.02251	6.36236	4.02251	6.38786	
4.03535	5.91553	4.03535	5.94239	4.03535	5.97657	4.03535	6.02113	4.03535	6.07945	4.03535	6.22472	4.03535	6.28742	4.03535	6.33416	4.03535	6.36767	4.03535	6.39201	
4.04821	5.90925	4.04821	5.93295	4.04821	5.96412	4.04821	6.00655	4.04821	6.06464	4.04821	6.21580	4.04821	6.28137	4.04821	6.32974	4.04821	6.36414	4.04821	6.38901	
4.06104	5.85577	4.06104	5.88330	4.06104	5.91999	4.06104	5.96992	4.06104	6.03733	4.06104	6.20552	4.06104	6.27500	4.06104	6.32522	4.06104	6.36057	4.06104	6.38602	
4.07386	5.92926	4.07386	5.95428	4.07386	5.98619	4.07386	6.02814	4.07386	6.08373	4.07386	6.22515	4.07386	6.28709	4.07386	6.33343	4.07386	6.36670	4.07386	6.39088	
4.08672	5.92070	4.08672	5.94287	4.08672	5.97218	4.08672	6.01239	4.08672	6.06804	4.08672	6.21590	4.08672	6.28102	4.08672	6.32922	4.08672	6.36352	4.08672	6.38832	
4.09954	5.86795	4.09954	5.89383	4.09954	5.92841	4.09954	5.97574	4.09954	6.04037	4.09954	6.20534	4.09954	6.27464	4.09954	6.32487	4.09954	6.36022	4.09954	6.38563	
4.11237	5.93835	4.11237	5.96249	4.11237	5.99350	4.11237	6.03446	4.11237	6.08882	4.11237	6.22739	4.11237	6.28839	4.11237	6.33418	4.11237	6.36710	4.11237	6.39103	
4.12522	5.93420	4.12522	5.95609	4.12522	5.98483	4.12522	6.02385	4.12522	6.07729	4.12522	6.21907	4.12522	6.28242	4.12522	6.32976	4.12522	6.36361	4.12522	6.38814	
4.13805	5.89986	4.13805	5.92172	4.13805	5.95164	4.13805	5.99370	4.13805	6.05262	4.13805	6.20865	4.13805	6.27608	4.13805	6.32540	4.13805	6.36026	4.13805	6.38541	
4.15088	5.94199	4.15088	5.96569	4.15088	5.99685	4.15088	6.03857	4.15088	6.09394	4.15088	6.23197	4.15088	6.29155	4.15088	6.33613	4.15088	6.36827	4.15088	6.39179	
4.16373	5.94219	4.16373	5.96448	4.16373	5.99387	4.16373	6.03356	4.16373	6.08705	4.16373	6.22483	4.16373	6.28585	4.16373	6.33174	4.16373	6.36479	4.16373	6.38887	
4.17655	5.93288	4.17655	5.95283	4.17655	5.98009	4.17655	6.01840	4.17655	6.07212	4.17655	6.21583	4.17655	6.27969	4.17655	6.32727	4.17655	6.36119	4.17655	6.38570	
4.18941	5.94481	4.18941	5.96833	4.18941	6.00005	4.18941	6.04332	4.18941	6.10084	4.18941	6.23917	4.18941	6.29674	4.18941	6.33951	4.18941	6.37026	4.18941	6.39261	
4.20224	5.94678	4.20224	5.96910	4.20224	5.99907	4.20224	6.04009	4.20224	6.09533	4.20224	6.23275	4.20224	6.29146	4.20224	6.33527	4.20224	6.36673	4.20224	6.38948	
4.21508	5.94765	4.21508	5.96841	4.21508	5.99630	4.21508	6.03486	4.21508	6.08787	4.21508	6.22540	4.21508	6.28576	4.21508	6.33093	4.21508	6.36333	4.21508	6.38675	
4.22791	5.94319	4.22791	5.96189	4.22791	5.98752	4.22791	6.02397	4.22791	6.07583	4.22791	6.21673	4.22791	6.27959	4.22791	6.32646	4.22791	6.35998	4.22791	6.38427	
4.24075	5.95270	4.24075	5.97511	4.24075	6.00561	4.24075	6.04786	4.24075	6.10497	4.24075	6.24282	4.24075	6.29926	4.24075	6.34100	4.24075	6.37127	4.24075	6.39367	
4.25358	5.95686	4.25358	5.97870	4.25358	6.00796	4.25358	6.04810	4.25358	6.10241	4.25358	6.23719	4.25358	6.29424	4.25358	6.33695	4.25358	6.36814	4.25358	6.39139	
4.26642	5.95946	4.26642	5.98026	4.26642	6.00781	4.26642	6.04553	4.26642	6.09716	4.26642	6.23048	4.26642	6.28877	4.26642	6.33264	4.26642	6.36465	4.26642	6.38848	
4.27926	5.95924	4.27926	5.97856	4.27926	6.00411	4.27926	6.03940	4.27926	6.08880	4.27926	6.22261	4.27926	6.28284	4.27926	6.32806	4.27926	6.36071	4.27926	6.38473	
4.29210	5.95086	4.29210	5.96851	4.29210	5.99241	4.29210	6.02633	4.29210	6.07528	4.29210	6.21350	4.29210	6.27651	4.29210	6.32323	4.29210	6.35634	4.29210	6.38024	
4.30494	5.96525	4.30494	5.98814	4.30494	6.01833	4.30494	6.05904	4.30494	6.11329	4.30494	6.24548	4.30494	6.30022	4.30494	6.34024	4.30494	6.36856	4.30494	6.38892	
4.31777	5.96807	4.31777	5.99109	4.31777	6.02099	4.31777	6.06055	4.31777	6.11252	4.31777	6.24059	4.31777	6.29537	4.31777	6.33586	4.31777	6.36440	4.31777	6.38462	
4.33062	5.96921	4.33062	5.99194	4.33062	6.02113	4.33062	6.05929	4.33062	6.10917	4.33062	6.23459	4.33062	6.28998	4.33062	6.33135	4.33062	6.36049	4.33062	6.38096	
4.34345	5.96728	4.34345	5.98899	4.34345	6.01687	4.34345	6.05349	4.34345	6.10189	4.34345	6.22730	4.34345	6.28415	4.34345	6.32692	4.34345	6.35712	4.34345	6.37837	
4.35629	5.96041	4.35629	5.98047	4.35629	6.00676	4.35629	6.04220	4.35629	6.09030	4.35629	6.21879	4.35629	6.27788	4.35629	6.32252	4.35629	6.35423	4.35629	6.37679	
4.36912	5.96384	4.36912	5.98901	4.36912	6.02256	4.36912	6.06715	4.36912	6.12413	4.36912	6.25297	4.36912	6.30494	4.36912	6.34355	4.36912	6.37147	4.36912	6.39191	
4.38196	5.96352	4.38196	5.98866	4.38196	6.02221	4.38196	6.06671	4.38196	6.12309	4.38196	6.24924	4.38196	6.30094	4.38196	6.34041	4.38196	6.36975	4.38196	6.39172	
4.39480	5.96253	4.39480	5.98735	4.39480	6.02051	4.39480	6.06449	4.39480	6.12007	4.39480	6.24434	4.39480	6.29623	4.39480	6.33674	4.39480	6.36746	4.39480	6.39078	
4.40765	5.96090	4.40765	5.98506	4.40765	6.01740	4.40765	6.06044	4.40765	6.11506	4.40765	6.23848	4.40765	6.29091	4.40765	6.33239	4.40765	6.36418	4.40765	6.38843	
4.42047	5.95828	4.42047	5.98141	4.42047	6.01246	4.42047	6.05412	4.42047	6.10774	4.42047	6.23177	4.42047	6.28517	4.42047	6.32747	4.42047	6.35985	4.42047	6.38450	
4.43331	5.95338	4.43331	5.97483	4.43331	6.00393	4.43331	6.04377	4.43331	6.09660	4.43331	6.22383	4.43331	6.27896	4.43331	6.32201	4.43331	6.35451	4.43331	6.37902	
4.44615	5.95006	4.44615	5.97610	4.44615	6.01307	4.44615	6.06486	4.44615	6.13144	4.44615	6.26506	4.44615	6.31217	4.44615	6.34660	4.44615	6.37209	4.44615	6.39139	
4.45899	5.95019	4.45899	5.97546	4.45899	6.01112	4.45899	6.06109	4.45899	6.12614	4.45899	6.26023	4.45899	6.30740	4.45899	6.34102	4.45899	6.36527	4.45899	6.38331	
4.47182	5.95094	4.47182	5.97539	4.47182	6.00976	4.47182	6.05808	4.47182	6.12182	4.47182	6.25624	4.47182	6.30312	4.47182	6.33561	4.47182	6.35832	4.47182	6.37478	
4.48466	5.95259	4.48466	5.97623	4.48466	6.00936	4.48466	6.05610	4.48466	6.11849	4.48466	6.25252	4.48466	6.29894	4.48466	6.33033	4.48466	6.35159	4.48466	6.36654	
4.49750	5.95447	4.49750	5.97688	4.49750	6.00822	4.49750	6.05269	4.49750	6.11307	4.49750	6.24706	4.49750	6.29388	4.49750	6.32500	4.49750	6.34551	4.49750	6.35949	
4.51033	5.95612	4.51033	5.97697	4.51033	6.00617	4.51033	6.04805	4.51033	6.10616	4.51033	6.24046	4.51033	6.28839	4.51033	6.32003	4.51033	6.34061	4.51033	6.35440	
4.52317	5.95737	4.52317	5.97640	4.52317	6.00325	4.52317	6.04238	4.52317	6.09805	4.52317	6.23277	4.52317	6.28241	4.52317	6.31541	4.52317	6.33696	4.52317	6.35149	
4.53602	5.95735	4.53602	5.97433	4.53602	5.99874	4.53602	6.03513	4.53602	6.08836	4.53602	6.22393	4.53602	6.27607	4.53602	6.31134	4.53602	6.33477	4.53602	6.35092	
4.54884	5.96389	4.54884	5.98618	4.54884	6.01952	4.54884	6.06969	4.54884	6.13914	4.54884	6.27853	4.54884	6.32032	4.54884	6.34688	4.54884	6.36453	4.54884	6.37708	
4.56169	5.97421	4.56169	5.99598	4.56169	6.02799	4.56169	6.07510	4.56169	6.13926	4.56169	6.27213	4.56169	6.31556	4.56169	6.34474	4.56169	6.36490	4.56169	6.37957	
4.57452	5.98561	4.57452	6.00661	4.57452	6.03685	4.57452	6.08036	4.57452	6.13889	4.57452	6.26552	4.57452	6.31091	4.57452	6.34288	4.57452	6.36551	4.57452	6.38204	
4.58736	5.99836	4.58736	6.01824	4.58736	6.04621	4.58736	6.08558	4.58736	6.13822	4.58736	6.25876	4.58736	6.30615	4.58736	6.34083	4.58736	6.36567	4.58736	6.38372	
4.60020	6.01274	4.60020	6.03116	4.60020	6.05652	4.60020	6.09163	4.60020	6.13868	4.60020	6.25323	4.60020	6.30208	4.60020	6.33884	4.60020	6.36532	4.60020	6.38441	
4.61304	6.02792	4.61304	6.04438	4.61304	6.06663	4.61304	6.09725	4.61304	6.13888	4.61304	6.24763	4.61304	6.29765	4.61304	6.33617	4.61304	6.36397	4.61304	6.38386	
4.62587	6.04229	4.62587	6.05619	4.62587	6.07493	4.62587	6.10105	4.62587	6.13771	4.62587	6.24138	4.62587	6.29245	4.62587	6.33249	4.62587	6.36139	4.62587	6.38190	
4.63871	6.05380	4.63871	6.06492	4.63871	6.08030	4.63871	6.10256	4.63871	6.13528	4.63871	6.23499	4.63871	6.28683	4.63871	6.32799	4.63871	6.35767	4.63871	6.37861	
4.65155	6.05919	4.65155	6.06803	4.65155	6.08094	4.65155	6.10061	4.65155	6.13084	4.65155	6.22832	4.65155	6.28074	4.65155	6.32265	4.65155	6.35283	4.65155	6.37403	
4.66438	6.08633	4.66438	6.10001	4.66438	6.12007	4.66438	6.14983	4.66438	6.19208	4.66438	6.29711	4.66438	6.33937	4.66438	6.36912	4.66438	6.38919	4.66438	6.40287	
4.67722	6.10961	4.67722	6.12291	4.67722	6.14201	4.67722	6.16951	4.67722	6.20723	4.67722	6.29858	4.67722	6.33630	4.67722	6.36380	4.67722	6.38290	4.67722	6.39620	
4.69005	6.13271	4.69005	6.14551	4.69005	6.16346	4.69005	6.18846	4.69005	6.22153	4.69005	6.29960	4.69005	6.33267	4.69005	6.35767	4.69005	6.37562	4.69005	6.38843	
4.70290	6.15624	4.70290	6.16837	4.70290	6.18489	4.70290	6.20706	4.70290	6.23529	4.70290	6.30019	4.70290	6.32842	4.70290	6.35059	4.70290	6.36711	4.70290	6.37924	
4.71573	6.17968	4.71573	6.19092	4.71573	6.20572	4.71573	6.22480	4.71573	6.24814	4.71573	6.30046	4.71573	6.32380	4.71573	6.34288	4.71573	6.35768	4.71573	6.36892	
4.72857	6.20266	4.72857	6.21275	4.72857	6.22552	4.72857	6.24129	4.72857	6.25984	4.72857	6.30040	4.72857	6.31895	4.72857	6.33472	4.72857	6.34749	4.72857	6.35758	
4.74140	6.22459	4.74140	6.23325	4.74140	6.24374	4.74140	6.25615	4.74140	6.27019	4.74140	6.30022	4.74140	6.31426	4.74140	6.32666	4.74140	6.33716	4.74140	6.34582	
4.75424	6.24476	4.75424	6.25170	4.75424	6.25974	4.75424	6.26884	4.75424	6.27878	4.75424	6.29962	4.75424	6.30956	4.75424	6.31865	4.75424	6.32670	4.75424	6.33364	
4.76708	6.26223	4.76708	6.26727	4.76708	6.27284	4.76708	6.27889	4.76708	6.28530	4.76708	6.29852	4.76708	6.30493	4.76708	6.31099	4.76708	6.31656	4.76708	6.32159	
4.77992	6.27626	4.77992	6.27941	4.77992	6.28276	4.77992	6.28628	4.77992	6.28991	4.77992	6.29730	4.77992	6.30094	4.77992	6.30445	4.77992	6.30780	4.77992	6.31096	
4.79276	6.28530	4.79276	6.28679	4.79276	6.28831	4.79276	6.28987	4.79276	6.29146	4.79276	6.29465	4.79276	6.29623	4.79276	6.29779	4.79276	6.29931	4.79276	6.30080	
4.80559	6.28853	4.80559	6.28887	4.80559	6.28920	4.80559	6.28954	4.80559	6.28988	4.80559	6.29057	4.80559	6.29091	4.80559	6.29125	4.80559	6.29158	4.80559	6.29192	
4.81843	6.28506	4.81843	6.28508	4.81843	6.28509	4.81843	6.28510	4.81843	6.28512	4.81843	6.28514	4.81843	6.28516	4.81843	6.28517	4.81843	6.28518	4.81843	6.28520	
4.83127	6.27410	4.83127	6.27477	4.83127	6.27546	4.83127	6.27615	4.83127	6.27685	4.83127	6.27825	4.83127	6.27895	4.83127	6.27964	4.83127	6.28033	4.83127	6.28101	
4.84410	6.31414	4.84410	6.31414	4.84410	6.31414	4.84410	6.31414	4.84410	6.31414	4.84410	6.31414	4.84410	6.31414	4.84410	6.31414	4.84410	6.31414	4.84410	6.31414	
4.85694	6.32404	4.85694	6.32404	4.85694	6.32404	4.85694	6.32404	4.85694	6.32404	4.85694	6.32404	4.85694	6.32404	4.85694	6.32404	4.85694	6.32404	4.85694	6.32404	
4.86978	6.33175	4.86978	6.33175	4.86978	6.33175	4.86978	6.33175	4.86978	6.33175	4.86978	6.33175	4.86978	6.33175	4.86978	6.33175	4.86978	6.33175	4.86978	6.33175	
4.88262	6.33737	4.88262	6.33737	4.88262	6.33737	4.88262	6.33737	4.88262	6.33737	4.88262	6.33737	4.88262	6.33737	4.88262	6.33737	4.88262	6.33737	4.88262	6.33737	
4.89545	6.34112	4.89545	6.34112	4.89545	6.34112	4.89545	6.34112	4.89545	6.34112	4.89545	6.34112	4.89545	6.34112	4.89545	6.34112	4.89545	6.34112	4.89545	6.34112	
4.90829	6.34338	4.90829	6.34338	4.90829	6.34338	4.90829	6.34338	4.90829	6.34338	4.90829	6.34338	4.90829	6.34338	4.90829	6.34338	4.90829	6.34338	4.90829	6.34338	
4.92113	6.34434	4.92113	6.34434	4.92113	6.34434	4.92113	6.34434	4.92113	6.34434	4.92113	6.34434	4.92113	6.34434	4.92113	6.34434	4.92113	6.34434	4.92113	6.34434	
4.93396	6.34405	4.93396	6.34405	4.93396	6.34405	4.93396	6.34405	4.93396	6.34405	4.93396	6.34405	4.93396	6.34405	4.93396	6.34405	4.93396	6.34405	4.93396	6.34405	
4.94680	6.34277	4.94680	6.34277	4.94680	6.34277	4.94680	6.34277	4.94680	6.34277	4.94680	6.34277	4.94680	6.34277	4.94680	6.34277	4.94680	6.34277	4.94680	6.34277	
4.95964	6.34060	4.95964	6.34060	4.95964	6.34060	4.95964	6.34060	4.95964	6.34060	4.95964	6.34060	4.95964	6.34060	4.95964	6.34060	4.95964	6.34060	4.95964	6.34060	
4.97248	6.33773	4.97248	6.33773	4.97248	6.33773	4.97248	6.33773	4.97248	6.33773	4.97248	6.33773	4.97248	6.33773	4.97248	6.33773	4.97248	6.33773	4.97248	6.33773	
4.98531	6.33439	4.98531	6.33439	4.98531	6.33439	4.98531	6.33439	4.98531	6.33439	4.98531	6.33439	4.98531	6.33439	4.98531	6.33439	4.98531	6.33439	4.98531	6.33439	
4.99815	6.33040	4.99815	6.33040	4.99815	6.33040	4.99815	6.33040	4.99815	6.33040	4.99815	6.33040	4.99815	6.33040	4.99815	6.33040	4.99815	6.33040	4.99815	6.33040	
5.01099	6.32591	5.01099	6.32591	5.01099	6.32591	5.01099	6.32591	5.01099	6.32591	5.01099	6.32591	5.01099	6.32591	5.01099	6.32591	5.01099	6.32591	5.01099	6.32591	
5.02382	6.32114	5.02382	6.32114	5.02382	6.32114	5.02382	6.32114	5.02382	6.32114	5.02382	6.32114	5.02382	6.32114	5.02382	6.32114	5.02382	6.32114	5.02382	6.32114	
5.03666	6.31634	5.03666	6.31634	5.03666	6.31634	5.03666	6.31634	5.03666	6.31634	5.03666	6.31634	5.03666	6.31634	5.03666	6.31634	5.03666	6.31634	5.03666	6.31634	
5.04950	6.31170	5.04950	6.31170	5.04950	6.31170	5.04950	6.31170	5.04950	6.31170	5.04950	6.31170	5.04950	6.31170	5.04950	6.31170	5.04950	6.31170	5.04950	6.31170	
5.06234	6.30692	5.06234	6.30692	5.06234	6.30692	5.06234	6.30692	5.06234	6.30692	5.06234	6.30692	5.06234	6.30692	5.06234	6.30692	5.06234	6.30692	5.06234	6.30692	
5.07517	6.30273	5.07517	6.30273	5.07517	6.30273	5.07517	6.30273	5.07517	6.30273	5.07517	6.30273	5.07517	6.30273	5.07517	6.30273	5.07517	6.30273	5.07517	6.30273	
5.08801	6.29847	5.08801	6.29847	5.08801	6.29847	5.08801	6.29847	5.08801	6.29847	5.08801	6.29847	5.08801	6.29847	5.08801	6.29847	5.08801	6.29847	5.08801	6.29847	
5.10085	6.29335	5.10085	6.29335	5.10085	6.29335	5.10085	6.29335	5.10085	6.29335	5.10085	6.29335	5.10085	6.29335	5.10085	6.29335	5.10085	6.29335	5.10085	6.29335	
5.11369	6.28781	5.11369	6.28781	5.11369	6.28781	5.11369	6.28781	5.11369	6.28781	5.11369	6.28781	5.11369	6.28781	5.11369	6.28781	5.11369	6.28781	5.11369	6.28781	
5.12652	6.28179	5.12652	6.28179	5.12652	6.28179	5.12652	6.28179	5.12652	6.28179	5.12652	6.28179	5.12652	6.28179	5.12652	6.28179	5.12652	6.28179	5.12652	6.28179	
