# MesswertTabelle
#
# M e s s w e r t t a b e l l e  der Reihen:
#
# q=-5.0 [20,20] Werte
# q=-4.0 [20,20] Werte
# q=-3.0 [20,20] Werte
# q=-2.0 [20,20] Werte
# q=-1.0 [20,20] Werte
# q=1.0 [20,20] Werte
# q=2.0 [20,20] Werte
# q=3.0 [20,20] Werte
# q=4.0 [20,20] Werte
# q=5.0 [20,20] Werte
#
#
#x	y	x	y	x	y	x	y	x	y	x	y	x	y	x	y	x	y	x	y	
1.37500	0.97001	1.37500	0.90980	1.37500	0.80795	1.37500	0.61675	1.37500	0.23862	1.37500	0.00009	1.37500	0.00005	1.37500	0.00003	1.37500	0.00002	1.37500	0.00002	
1.47500	1.05653	1.47500	0.99381	1.47500	0.88612	1.47500	0.68345	1.47500	0.27546	1.47500	0.00014	1.47500	0.00007	1.47500	0.00005	1.47500	0.00004	1.47500	0.00003	
1.57500	0.92059	1.57500	0.86351	1.57500	0.76705	1.57500	0.59286	1.57500	0.25006	1.57500	0.00015	1.57500	0.00007	1.57500	0.00005	1.57500	0.00004	1.57500	0.00003	
1.67500	0.83524	1.67500	0.78080	1.67500	0.69188	1.67500	0.54025	1.67500	0.24117	1.67500	0.00017	1.67500	0.00009	1.67500	0.00006	1.67500	0.00004	1.67500	0.00003	
1.77500	0.81563	1.77500	0.75998	1.77500	0.67222	1.77500	0.53076	1.77500	0.24828	1.77500	0.00021	1.77500	0.00011	1.77500	0.00007	1.77500	0.00005	1.77500	0.00004	
1.87500	0.77175	1.87500	0.72135	1.87500	0.64380	1.87500	0.52283	1.87500	0.26124	1.87500	0.00029	1.87500	0.00014	1.87500	0.00010	1.87500	0.00007	1.87500	0.00006	
1.97500	0.73897	1.97500	0.69141	1.97500	0.62225	1.97500	0.52166	1.97500	0.27721	1.97500	0.00040	1.97500	0.00020	1.97500	0.00013	1.97500	0.00010	1.97500	0.00008	
2.07500	0.69978	2.07500	0.65473	2.07500	0.59178	2.07500	0.50504	2.07500	0.27713	2.07500	0.00043	2.07500	0.00021	2.07500	0.00014	2.07500	0.00010	2.07500	0.00008	
2.17500	0.66182	2.17500	0.62715	2.17500	0.58127	2.17500	0.52171	2.17500	0.30392	2.17500	0.00060	2.17500	0.00029	2.17500	0.00019	2.17500	0.00014	2.17500	0.00011	
2.27500	0.54798	2.27500	0.52406	2.27500	0.49512	2.27500	0.46220	2.27500	0.28450	2.27500	0.00058	2.27500	0.00028	2.27500	0.00018	2.27500	0.00014	2.27500	0.00011	
2.37500	0.49237	2.37500	0.47603	2.37500	0.45847	2.37500	0.44116	2.37500	0.27196	2.37500	0.00063	2.37500	0.00030	2.37500	0.00020	2.37500	0.00014	2.37500	0.00011	
2.47500	0.73823	2.47500	0.72095	2.47500	0.69792	2.47500	0.65412	2.47500	0.33904	2.47500	0.00094	2.47500	0.00045	2.47500	0.00029	2.47500	0.00021	2.47500	0.00016	
2.57500	1.26950	2.57500	1.24035	2.57500	1.19208	2.57500	1.07261	2.57500	0.46229	2.57500	0.00169	2.57500	0.00081	2.57500	0.00053	2.57500	0.00039	2.57500	0.00030	
2.67500	1.77145	2.67500	1.73009	2.67500	1.65532	2.67500	1.45699	2.67500	0.57885	2.67500	0.00265	2.67500	0.00128	2.67500	0.00083	2.67500	0.00061	2.67500	0.00047	
2.77500	1.95112	2.77500	1.89878	2.77500	1.80364	2.77500	1.55783	2.77500	0.58007	2.77500	0.00249	2.77500	0.00117	2.77500	0.00075	2.77500	0.00053	2.77500	0.00040	
2.87500	2.10113	2.87500	2.03827	2.87500	1.92350	2.87500	1.63063	2.87500	0.57971	2.87500	0.00279	2.87500	0.00128	2.87500	0.00080	2.87500	0.00056	2.87500	0.00042	
2.97500	2.15709	2.97500	2.08736	2.97500	1.95588	2.97500	1.61671	2.97500	0.56178	2.97500	0.00509	2.97500	0.00240	2.97500	0.00152	2.97500	0.00108	2.97500	0.00081	
3.07500	1.81092	3.07500	1.74124	3.07500	1.60950	3.07500	1.27944	3.07500	0.42466	3.07500	0.00546	3.07500	0.00251	3.07500	0.00155	3.07500	0.00106	3.07500	0.00076	
3.17500	1.40574	3.17500	1.33667	3.17500	1.20656	3.17500	0.89871	3.17500	0.28362	3.17500	0.00611	3.17500	0.00273	3.17500	0.00162	3.17500	0.00105	3.17500	0.00071	
3.27500	1.18140	3.27500	1.11666	3.27500	0.99044	3.27500	0.70354	3.27500	0.23457	3.27500	0.01031	3.27500	0.00488	3.27500	0.00295	3.27500	0.00197	3.27500	0.00136	
